"y" "x1" "x2" "x3" "x4" "x5" "x6" "x7" "x8" "x9"
"1" -12.2843477259013 -4.554296190557 -1.25652516775071 -4.63074159918243 -2.22466398865369 -2.01590394831954 -3.01611646339931 -4.36842010727343 -4.78359215144818 -1.79056625803243
"2" -2.62675801690963 -1.18746271619584 -0.152341422368997 0.0211559993018364 -0.442976560267138 -0.440774206730065 0.724699055607499 -0.509686951138058 -0.605142517368448 0.726984036752382
"3" 13.5863713962303 3.00089371809141 0.875406106788857 1.1023061727878 -0.456826140737372 0.719785898302922 -0.0464402154620631 1.09873282370619 -1.51778508505196 0.257636631203988
"4" 4.97090845500474 -0.682241273542123 1.12394741631684 1.14531019332176 2.11568046468667 1.75072172703898 -0.179401516088696 1.9470013912179 -1.95761399194515 1.21454432844046
"5" -20.0743796303633 -5.98156587518459 -2.87418114817557 -5.58674050640851 -3.79273037883197 -1.23442725457928 -8.37849940679078 -5.04883801592263 -7.05610414718985 -1.86943031454636
"6" 14.7947907517362 4.53390875040697 1.68038845173588 5.28551724100539 2.9932503209272 2.04662959298937 6.03145388065892 5.10676359653618 8.35956262108505 2.04228405948295
"7" -5.585376046022 -1.7026590345365 -1.02813991982278 -2.12743890353351 -0.709158757064312 -0.11084048091893 -1.72548157178584 -2.59999148277932 -4.67811716648466 -0.412373992038402
"8" 8.93377155526907 0.966485831295049 1.3682370796899 0.587531520310912 0.693209058902717 -0.331102712878905 2.09168293496236 0.167844481770379 1.97169886248832 0.768005414544035
"9" -0.681424005359029 -1.81390012124692 1.23180474522291 0.74541508301396 -1.01255545797057 0.834426874115392 -0.388909417670391 0.326347259296601 1.62015392658178 0.381531888731294
"10" 14.4890859896655 3.23098199089457 1.91267493386554 3.32053185662517 2.38842300570654 1.28244761730491 3.29705743103485 2.83222208832408 0.353381579563625 2.120106924633
"11" -12.6328387359917 -3.34839165276549 -1.0753844620015 -3.49290778093386 -1.91725863787565 -1.91541146050688 -1.69203901723664 -2.71113068273355 -6.02583325971593 -2.32685842003582
"12" -7.99913852348719 -2.82530487659369 -2.42157632789474 -2.89640786809368 -1.01099939719593 -1.73119648095446 -2.28626323062722 -4.53879966086197 -4.66347167946344 -3.32585674698334
"13" 18.6280683980497 5.51420070101268 2.29977722423549 5.46696297438752 2.86264354809739 2.05871922981151 7.40740351028709 4.81960192586558 3.91269683809749 2.70033569510057
"14" -4.22346422745476 -0.627580129093975 -2.15620423748265 -3.09482946980057 -3.91150007723686 -1.54722346969371 -1.57491263610071 -3.84787056815969 -4.89813033097979 -1.42359496172929
"15" -8.07570633590964 -2.81640479664849 -1.24489807045527 -3.43587377320435 -2.45237355566213 -2.72087278539171 -2.09477912327647 -4.85672678396597 -2.09999158315204 -3.27522438744098
"16" 2.78899023571221 0.00122839994371493 0.366025190978315 1.85210629128494 1.97479310000021 0.699255119550267 3.59432220629843 1.95147060334189 1.06070900399101 1.69828054163274
"17" 15.9163869665376 3.6945386489014 2.1714147923974 4.41298657971946 0.713011985118744 2.03152308423285 5.38857843389714 5.58400130510527 3.0905578789569 2.71517837519813
"18" -9.60164758513653 -2.40198002788775 -2.01949518518996 -4.31937527029647 -1.41123274298666 -2.85883836654669 -6.43902131045351 -5.76457938772296 -4.26734042359885 -3.98443790536256
"19" -5.6729262781207 -1.81953543857555 -0.79117545575074 -0.675228132333189 1.49286053525961 0.776200020325486 1.34302619496721 0.951875097795477 -2.1919413154599 0.554693671521119
"20" -2.29591340665842 0.430748309770865 -1.86502379595642 -1.19272994975393 -2.06838483813614 -0.90489535118743 0.346124361128953 -1.71894088681531 -3.92299237247933 -0.642438583236367
"21" -6.90445641266992 -3.74503288500895 -0.713829309648581 -3.13453902641398 -2.07487963625835 -2.06945262310345 -3.68829697078048 -3.41581931713262 -1.80831962386345 -2.14787059257835
"22" 10.7928337587696 1.14071380158241 1.66583609906318 1.74906006268536 2.77146091787662 1.53558480846301 3.46260707614589 1.95719491290532 -0.760477555371011 1.14070812493015
"23" -3.68509047667336 -0.763793427366782 -0.862473587303222 -0.957603941921501 -2.21688259887725 -2.8346173935149 -2.56259371626061 -3.36804641619559 1.96002623947595 -1.04227054752709
"24" 9.7989585406558 3.14012814646877 1.47159534368086 3.01740885902662 1.18570559361324 1.19229722679781 2.794689451571 2.4397973560552 4.27921200101132 2.30113385646978
"25" -15.3927517011893 -3.02278528546232 -3.6767329800142 -5.87948426697843 -3.40786390492649 -2.27435507437169 -7.09085967431324 -6.22529008105702 -6.70491956078665 -3.94081575256157
"26" -4.16371684454975 -2.28791790208835 -0.490920390372192 -4.5263523119861 -1.16352270328875 -0.188936358318718 -3.21562577599559 -2.54751438582793 -7.50709993367616 -1.54053938939386
"27" 6.27245134748858 2.06683269902416 1.12383641643794 3.10954538731879 1.14234788521746 1.64154503035231 6.73002650825867 4.27908422658193 1.74592632994758 1.67665993067506
"28" 15.6822920964306 2.4227225260885 3.02408847574376 2.33003759786756 1.07371488802613 0.500170363634416 3.95416419434095 2.0706224710518 -0.0475716870280841 1.2720355157009
"29" 11.1179649440755 1.59565747932829 1.62164494390128 3.28933554454458 1.78576494954388 2.04968513373609 1.8395298598716 3.38348260777113 2.77901596225331 2.56585275757307
"30" 9.50796456855519 3.65090585524142 0.351754067882615 2.90133958246655 2.86320136726713 2.02993282805245 4.21935455761331 2.73643310829514 4.07027185935284 1.98390406756973
"31" 17.1193482177678 4.29116451010611 1.06492179062056 5.28647359803032 0.414451001960714 0.678660155472835 6.58755613576088 4.83598105682678 8.85699817947353 2.31442818556094
"32" 28.2613102886294 5.48558878952688 5.68690256303087 8.50917773177348 3.19097702122403 5.73808238731091 9.59871718996124 9.46919397885983 8.22496700099865 5.83725162406718
"33" 4.1479637602689 0.441151376024642 -0.193476380619699 0.93097224525415 0.00779668569836933 -0.0759483295775748 1.00081726633578 0.583180486401402 1.60693584856998 0.734661679502665
"34" -7.01407813678729 -2.89715844548385 -0.85882678463549 -0.752249534351551 -0.601194607871184 -0.118889275468319 -0.728597196210895 -0.367012110325823 0.224925724301584 0.468469043993753
"35" 7.56580379465429 2.33510174097238 0.645698841860962 2.88543441952053 0.549765468524172 1.71792589441439 2.27939394912819 2.8833440440623 5.92920838213896 0.923574355951965
"36" 11.9021641601711 1.28563038894124 3.39699380271848 2.60682904340494 3.64308635567406 4.05568776093737 4.03642677842519 5.49866818809284 4.25144387190303 3.28073850628694
"37" 4.50772691294196 1.65725647734953 -0.157132343001116 -0.895775156206961 -2.75178705439755 -2.56442823768614 -2.22988490458781 -3.55263149430812 0.797233268029763 -1.95866773986334
"38" 18.7684885288921 6.11128327293342 1.18481272965915 4.57049350278714 2.32902926639041 1.29732402168172 4.93229118051076 4.18019270799966 8.11695324816792 2.60441950043621
"39" -13.4309424524799 -3.17385767171689 -3.11879858520285 -3.22412759843518 -2.53134524881049 -2.36445861942444 -2.90780562343278 -4.26257912473388 -5.32736696593056 -3.02795267623075
"40" -6.84777670699972 -1.15436149764088 -0.798394344753262 0.460595756354045 -0.40301689909219 -0.47237584153066 -1.0565296780762 -0.241121989038953 -2.3538467533508 -0.240393166622174
"41" 27.3039941719233 6.02651394136505 4.32563841510932 8.94954282543654 3.47265893638042 4.44318190398147 8.97021923378968 9.0120971380064 10.7137150006895 5.21855057654872
"42" -23.474691707175 -5.26187383120875 -4.13038753617986 -6.69148348901187 -3.66986474299405 -2.00967859853531 -7.43997654748631 -5.63441996541331 -5.28817752868583 -3.62550850126848
"43" 6.86741823948036 0.17990182014478 1.02969467861747 -3.54832151941241 -2.99366624735563 -1.43109280338266 -1.86209466149259 -3.24337573634333 -0.937861905678972 -0.675118480773376
"44" 13.4262251501477 3.46193933349769 2.8116491164285 5.71006136612982 2.28001759464615 1.9637523425989 7.82709441239381 6.14868651171463 7.2538029165932 3.00458729510438
"45" 1.20442518020812 1.48633407585536 -0.0895339735827984 0.796944757572383 -0.403489378080355 -0.485088991849467 1.84650983968798 -0.972644959486005 -1.11000526478775 -0.0592737165812357
"46" 8.79066981232486 4.56016620472139 0.578895234463979 4.02444006619396 1.8414882107091 1.23151388518783 3.06286432805729 3.56999855386037 5.6513433768394 1.97383494859995
"47" -14.7705063062886 -6.0764496671727 -1.54412363409278 -6.79275854368039 -5.6782194394311 -3.31373606207696 -7.27228480739937 -6.58163157626705 -5.96292608944574 -3.81743137163812
"48" 9.72311266721851 2.94656254201445 1.10608916095404 2.35904626905363 3.452253430591 1.98787637807547 4.24994993911507 3.21109410094992 -0.326686286143916 3.68484349088346
"49" 0.374010013240026 -1.56100978568091 0.406483242367324 -0.967471434505816 -1.23784779218183 -1.50745325694188 0.197542273998747 -1.51866958917997 -2.85499826267113 -0.0121174251589573
"50" 2.29363008255646 -0.89518952218326 0.701758719571283 -1.85594923404716 1.0927268690906 -0.111189146074442 -1.32861845751109 0.315917639251712 0.568984420810534 -1.27628182557294
"51" -8.31948304939679 -1.60126131407925 -0.649832509069696 -2.16514646167433 -2.4998550134056 -1.00781933223292 -0.181917931194366 -1.89386885122925 1.22003956183484 -0.980038266598766
"52" -13.3925214698819 -4.61778320130954 -1.48566697808161 -2.09143323251915 -1.4345381940247 -1.25658128076529 -4.17741649703811 -1.84800702675572 -3.65054724180263 -1.34494607349106
"53" 15.3142378046488 3.98946566198778 3.35693268822062 6.46471766991856 4.31603854075009 3.21360881611515 8.36396999513216 6.84284294432287 2.52215615127564 3.77617208705237
"54" 10.3144727363886 3.25357762732156 1.03880844546315 3.32064494172791 2.43072235199505 1.14227322160718 3.86552209792539 2.5007924331589 3.56037355639476 0.74792737115172
"55" -3.64847066144435 -0.518956901911925 -1.02427995400561 -0.26242022478111 -0.783924539354758 -0.512648054421011 1.49730943345678 -2.46720152792618 -2.63764082052637 0.241690124890526
"56" 3.98763018744767 0.842474241369413 -0.180404523304292 -1.09178227205132 -1.64481515920902 0.502754891823892 0.426122025585579 0.14991112233818 -4.68830192158177 -1.13812086173296
"57" -18.4687383730301 -4.70290956003039 -2.97331833817359 -4.66567806233442 -2.89044172776856 -2.1293508723018 -4.09470404210103 -5.33851828081207 -2.2449873317255 -3.87865406831885
"58" -7.92042298568919 -1.42572714273118 -2.31258771839757 -1.33243049069231 -1.93529050829472 -2.72075349991191 -0.0847059403728413 -2.04020315068672 -0.777221383104279 -0.784500552065458
"59" 13.6804742663163 2.62188633545822 2.59479614336254 2.90595707779312 0.890032366429705 2.21666667991272 8.74245691454002 4.38685789568062 3.12048727793204 2.46041768440236
"60" 16.9382213490214 5.96194855890514 1.93329920720779 5.8302004893126 3.49882497499357 2.92009755908346 8.35609966716409 6.42875402034915 5.51758558887965 2.57399854795921
"61" -10.8504106576304 -3.96461120245811 -0.50060596496109 -5.35947565130189 -2.54645923967663 -0.391033409106546 -7.38687676794639 -4.13820566715255 -7.46247620768589 -2.47609310613205
"62" -1.47085228385418 -1.94426847073205 0.231814535255479 -1.86782391382912 -1.04551039979667 0.15312256418886 -2.04686231373546 -1.37056883023225 -1.8751505584357 -0.485902393054328
"63" 11.5527601889482 0.932008549850464 3.22256143684945 0.579994488675343 1.98909845761324 2.87038032417039 1.23648199540545 3.08357125924152 -0.973590979235212 1.4992700072232
"64" -9.40585095413827 -4.43552170345589 -1.23987147233981 -3.07660600094174 -3.05902035665991 -1.77204043206338 -6.24492365030352 -3.33149237223374 -4.14363284762845 -3.30659399881036
"65" 6.7859018433516 3.9751987741996 0.210773238232241 0.775044057281549 -1.11874002632449 -1.67874527281008 2.39731279866807 -0.744577773872821 2.76612198977873 -0.151710919027869
"66" 6.35669088037094 0.74036915348806 0.299066086106899 0.743693859970852 0.224351078139936 -0.227810748894473 4.30150489363209 0.575860152697042 -0.219126199513426 0.187290153573209
"67" -0.49257790339077 0.658121600021684 -1.15213223901 0.858713731120625 0.197981317088543 -0.706031228104335 2.35875930512071 -0.766181370903672 -0.123113334686599 -0.176772427002656
"68" 3.70903500068366 -0.593559385525096 1.98683607572845 0.18077814374129 0.1943046600081 0.180834682288159 -1.36835531379772 0.475154243191935 -0.929134702204882 -1.07584572751672
"69" 0.873297453353183 1.95421436312241 -0.0520704956227768 1.83958611700562 0.101829612495219 1.12995824474346 1.52181592430913 2.66060358855167 6.51676414103972 1.12125761634304
"70" 0.578267557382716 0.325543583599902 -1.20390472708745 0.735216032204593 1.07505309683983 -0.172065187232953 0.788420296603114 0.0367549271763623 1.14148978082254 0.331049627711899
"71" 23.5635968158354 7.6547353419625 1.59356573460172 5.8420618790865 1.57712393989958 1.83006134090017 6.85047722161558 4.58410920473585 5.38149269007219 3.72307625355518
"72" -10.1229956069794 -2.77927327928409 -0.635981339070936 -0.6549138560934 1.29892457715417 0.793253044007446 -1.09250000465871 0.245734260452768 -4.42594344014395 0.775725810859994
"73" -4.52110184071701 -0.997143488925717 -1.37730571180988 -2.92631194911346 -1.08552735904322 -2.28875242233781 -0.449177639796127 -4.0911431012489 -1.20657449295124 -2.2524869749698
"74" -0.383858764495801 0.603002323436099 -0.477671535280226 2.63453900740239 -2.0618747765811 -1.05445891574387 3.1698220290082 1.35975241447596 3.29344694574933 0.284695699237844
"75" -8.10913268623145 -2.75658754637715 -1.06823800524493 -2.46218437528878 -3.47730037988333 -2.33070033019729 -2.3093664093535 -4.55229191930539 -2.52115277808474 -2.33157474638017
"76" -14.0042888404216 -4.70945292964817 -1.16722320643955 -4.19748666067993 -3.14550162202163 -1.32847832831211 -5.78329165604163 -4.98067982906633 -5.69976129053135 -1.66077578825272
"77" -11.9641825255081 -2.38914370637536 -2.94213921735562 -4.89844944964928 -3.73597999878868 -2.91706007485043 -6.28020002222434 -5.51910977795628 -5.32633682337391 -3.66376534459484
"78" -27.2117712884216 -6.66659202639145 -3.91589957273097 -10.1549545589268 -6.34105193538376 -4.05590803679905 -10.4877836570005 -8.87226688346775 -10.3962552919861 -5.83323718049031
"79" 4.85752966147873 0.017721907339222 1.15489487055963 1.29482997253498 0.414507867784545 0.631438930245722 1.09888685225106 1.94686055669548 3.21165945910387 1.6427555454827
"80" 7.63550022651148 1.46870137980401 1.4161871598188 1.01424013767584 0.873662648380334 -0.361896879942595 1.5530597007985 1.5306452487044 -1.59380537332519 0.209904530025889
"81" 13.5718592912721 2.63769950650782 2.52024790227348 5.0538027415258 2.17932508745475 3.6149645704091 6.49990923755712 5.36103354996639 4.64601942173989 2.90629635669965
"82" 7.75782388386196 2.68719433201948 0.506325700490453 1.45923012981845 1.3578358531886 1.69219071896434 1.2605109807995 2.56057656830944 0.340227874669674 0.732934284119257
"83" -1.61188087593871 -0.849214998302737 0.472437560515686 1.02848497298605 2.42922811795529 2.23121331442398 1.1075586810831 2.5155189870409 -0.791995345792945 1.37862139649816
"84" -2.65653419637174 -1.57562019133835 0.127715985512169 -1.0019762543078 0.604751449449045 0.0208897742461873 -1.29963531965972 0.000730412638004663 -0.597707930179495 0.277429280533056
"85" -5.64966122199806 -1.52421069258076 -0.908571557418669 -1.91853176345555 -2.36091998619902 -2.84783593964415 -0.459373168496317 -4.54051703383256 -0.847133854186944 -1.33298321710916
"86" -9.39971942531602 -5.66727796419192 -0.846960357107595 -4.06237139143891 -2.79917105704932 -0.894467092571687 -5.73632882452754 -3.69610797680609 -5.05269073376833 -1.47608854630644
"87" 6.34344199725753 2.39749580713969 1.27288129409521 1.39110708719038 1.81117504737079 1.3234183491575 2.03748900696732 2.44433554645872 2.86074756231919 0.92372825872552
"88" -1.52574298812716 -1.21455823687891 -0.0307505149976546 -0.0237133685498891 1.0706482771617 0.0249603872291966 -1.67074653139838 0.0143597840650143 -0.53466163470541 -0.227179385991634
"89" 0.376877225732191 -0.821379793174982 -0.203782769395837 0.33474764851347 -1.34013603885637 -0.906694072791813 1.57259725821017 -1.27550062202119 3.82805843008216 -0.659158039484835
"90" 4.36872160229398 0.948696427976615 -0.0408004530245091 -0.625264177334106 0.650153470615221 -0.707682859813246 0.436163662292769 -0.246619297146111 -0.972462156411511 -0.225869554468988
"91" -5.36675185813649 0.128794865819967 -2.32623181247297 -0.684853418602391 -1.65711287490589 -0.86937757399911 -1.72237785863549 -1.46295771410436 0.48889937115291 -1.7386760659835
"92" 6.37109040460883 2.88568671985828 -0.606074252657828 0.804664544629908 1.2782603271379 -0.197115699159219 1.9357250651611 -0.308983037946888 3.98012632367604 0.385721048556489
"93" 17.5225980491308 4.49462514764261 1.99962785927049 4.39910870342376 3.15473868014096 1.937415193018 4.39576380013078 4.54133299987995 4.48428333535699 2.1677117312908
"94" -6.81198145911121 -0.788405977298812 -1.21077499488548 -1.43775175763796 -0.915184099880742 -0.400792401975795 -2.52504765134193 -1.40560456590447 -4.04840390466557 0.020890377321745
"95" 16.4538694649393 3.85267638789599 2.57598974267627 5.41161834655885 2.38530419605667 2.86693272957064 4.54496228033616 6.70375949106672 5.61437227418281 3.85100046874554
"96" -8.8555066488491 -2.20815783675929 -2.24977948707142 -1.29650885864439 -0.728248622726698 -1.43457428027987 0.85528028812157 -1.74634675700162 -2.07215493842215 -1.30164493196958
"97" 24.3066806587403 6.52139381511396 2.9249259178771 5.78941806239415 3.65937440756313 3.3247458042236 6.69291962480492 5.5849015219035 3.82674635912188 3.54782651898961
"98" 9.40586398141468 1.89627848593903 1.39469820547164 2.23329562088824 0.147285036709367 0.517427145136723 2.90841410316143 1.6926815686617 3.77631761106376 1.86405430394935
"99" 2.74343614742101 -0.266428231403975 -0.614187579079039 -0.978282816992278 0.237754296637312 -0.4306460026752 1.77689903274744 -1.69754449769538 2.27225841976474 -0.474436896992461
"100" 33.28830922089 7.64430167738975 5.47530491991801 8.37434445159422 4.57348134961743 4.64277821554975 9.39042141448208 9.00955490915847 7.7568740144889 4.76014818727767
"101" 7.64269847494032 2.0956274512582 1.93404997983186 3.38882677985133 2.46216672333442 1.27288831882236 2.16694197240513 3.75611052285913 1.28437598521635 1.73546719387553
"102" 16.924109133579 5.4407784820799 2.34855770035281 5.50229037482354 2.22694513393606 2.59674465116983 6.18322687655416 5.43603464220744 6.61984110292894 2.85183587653004
"103" 2.45593929443744 -0.149909111593692 1.10396965701783 -0.258247401962354 -0.181644441623315 -0.502395687195315 -3.64293591219531 -1.29744237303696 -0.844554855872363 -0.770873465968957
"104" 8.48752723528731 4.69548378113075 -0.488798970231 3.48178122480696 -0.123171878146705 0.455482196873669 3.83279124655544 2.67889889400507 4.49659930695404 1.83764118374977
"105" -9.48677637179869 -1.52593160233601 -2.53335443317728 -4.03789658411303 -2.91293208269791 -2.78957696412024 -6.66528358224871 -5.04850648308768 -4.39186704782601 -3.20950984216262
"106" 4.66877601577513 0.206355393135063 -0.669197497807273 -0.288352831964694 0.528117389900125 -0.157044676317548 -1.61941883601349 -0.0656504419078938 -1.93479714027218 -0.0671759931607516
"107" 14.6247689785741 3.00268485150647 2.80713968381606 3.11145299707923 1.32412653092724 0.832067874708681 2.42027545698042 3.23361754238374 3.40465837996953 1.80487555099295
"108" 6.53968410119066 2.05415636276408 0.788898280594005 3.15644504112775 1.45882214534616 0.990425149573375 4.16824308520581 2.29304699604504 2.99312164620123 1.2457929196107
"109" 11.3856577053143 3.58962515506593 -0.136285558931042 3.4942672519346 1.10276353207116 1.0780198443532 5.44354974342274 2.51995051700311 2.08544747786449 0.94775100906894
"110" 4.16575432762663 1.36096709969444 -0.466997938883581 -0.587915579319118 -0.72169197033731 -0.837288422747106 0.896932505889903 -0.136843327239205 -0.110283232213632 -0.549556286251588
"111" 5.14991480910109 2.13687574995042 0.0230067576513551 4.01445469653361 0.0894094118737984 -0.484833208432405 6.42829015647877 2.63413180171549 5.33313456772908 0.58510650196905
"112" 4.1423497704087 0.186099454494738 0.367363725024668 2.83654380108531 3.21065495839361 2.08113424945507 4.06227490903234 4.32851043303317 3.63654312376633 2.09571676148054
"113" 4.97241315017063 -0.327965340658757 1.27914309007701 0.925434028375023 -0.314597926860804 0.0152531292442589 2.01381676174595 0.475128497721912 2.98156677038461 0.413460645098043
"114" -14.6553306517109 -5.137415292644 -2.09295537711144 -4.338875861287 -2.16313419904777 -1.50632948176473 -4.27295640001951 -2.44996470148023 -6.31778597091561 -2.43053578408887
"115" 19.9026835466009 6.13180059556622 1.69756921888793 4.66135347597855 0.781432421861752 1.06682009529958 7.6456668225328 4.09552872939409 6.66975851641198 2.03366570237685
"116" -2.32292064366805 -1.97901661767893 0.325134608543785 -1.90728544822192 -1.04263121163411 -0.855488040308442 0.527660978455935 -2.4813385367464 1.07734954654036 -0.807731274244008
"117" -23.4814102789034 -7.34811477668678 -3.38945436138288 -7.88850411858993 -1.24518992325285 -2.35863382579249 -13.2353774528842 -7.1256479579679 -11.5325682583888 -5.53791423770983
"118" -22.1544123494872 -7.22760593805326 -3.55179216727731 -6.89617426662439 -3.96249187709162 -3.6050404134534 -7.80293851690864 -8.03579152959724 -10.8211989883563 -5.31579533910775
"119" 0.670345153259881 0.827618298229024 0.338455067118022 -0.411388473744056 -2.15343817046194 -1.0325158354666 0.502508568406083 -1.44729185501333 2.46568092048007 -0.419329616662784
"120" 21.2828942248319 7.73336962904347 3.17244789770481 8.49160561181839 3.52704754935469 1.52001648580382 9.57106840499095 6.56775488347132 8.38496483718415 3.76664912476146
"121" -11.6947030992227 -2.77403040865852 -2.25337803342473 -2.65308269028512 -1.58264450765411 -2.3404239970513 -2.5541462065239 -3.571205424243 1.58180974044636 -0.769766093825393
"122" -3.59999469732754 0.646329866079155 -1.38990112682192 -0.134689849182637 -0.789966961094945 -0.479584999838671 3.79256768165037 -0.752962176697298 -0.210888205070319 -1.21893778391365
"123" -2.20505155337039 1.22620261795567 -2.68781455647019 0.629825015234919 -0.221670222214917 -1.14058560894411 0.501714269982177 -0.55984475901576 -1.38505598263422 -1.17178304051571
"124" 2.34119611553218 1.22844591323649 0.372845261277017 2.1872751565588 0.685243680670239 1.03269134416103 3.31292160402478 1.11670480255281 0.311604002453827 1.34762242451217
"125" -3.87166848130643 -1.85926203534854 -0.269496073709962 -0.128765775782927 0.348411358434022 -0.694202693558345 -0.0449664563159939 -0.995636104319856 0.411211394521639 -0.508135038428514
"126" 8.53858313710673 2.48385004860046 1.73313757842826 2.16859959232206 3.48126739436611 0.930291581628773 2.41277187206867 2.39913047628767 1.96250835208182 3.04539089367251
"127" -3.89166673792045 -1.77342657444348 -0.375168822595652 -1.71432299920687 -0.893288074396634 -0.021737298633454 1.38599518541178 -0.201866853528213 -0.866826621653639 -1.30168794471914
"128" -1.80586493048189 -0.458504894415614 -0.434417751359909 -1.84267760636945 0.214412613067087 -0.689708926816465 0.0683729474314761 -1.2798991892097 -1.08870816973798 -0.670590789309527
"129" -2.50859929605614 -0.0924064317483744 -1.22869129359204 -1.0682296290069 -0.842725008650868 -0.866793759789993 -1.21792666577362 -1.40690527125606 1.31233564972023 -2.38671634004004
"130" -9.87723001838932 -4.88949895802836 -0.638833125962135 -3.33259391475643 -1.17440779386914 0.181398279547832 -7.58985681894726 -2.46295700199729 -3.13594806177072 -1.39630405033847
"131" 9.80361218353586 2.43721649863559 1.85816542655963 4.56545886093055 -0.359404794787156 1.65304314977308 5.38954050882031 3.76367018404754 5.9904052132965 2.41362337805391
"132" 11.1783653092891 2.12865659863764 1.0923270960892 -0.337536642854908 0.942834732098798 -0.298795570086415 1.71997056349741 -0.713109344359064 -1.53156521693111 0.398997116477999
"133" -2.07261310979245 0.848916386110634 -1.88846084507546 1.42721035345902 -1.15590932491563 -0.640694478030273 2.53212921060134 1.14654319641328 -2.23582845953239 -0.231296766311788
"134" -14.367831450292 -6.3937497636663 -1.19892092165286 -6.60763001830154 -1.76931306550988 -3.48110448847798 -8.95217870315585 -5.64898170724473 -5.33118890165568 -3.02925291212242
"135" -12.942104701272 -5.17732195526178 -0.00498615220070975 -2.10035009478492 0.266950889086285 -1.50161692220338 -4.84956477537045 -2.88523417351985 -1.50427126516839 -1.8310982145625
"136" 7.8340746452107 1.20274379543313 1.64697886125661 1.61031668192675 1.4081292469379 0.721962546713159 3.90832114719504 2.19460600718516 1.88261620694092 0.507172021123718
"137" -7.38218346031414 -2.19087009593514 -1.86752742153476 -1.38012805635759 -0.952864853426401 -1.1469299998159 -0.710023862297598 -1.11153044012849 -3.63998271891863 -0.324295578915279
"138" 9.46546640745505 2.0803205241407 0.829259060113747 1.37958866574344 -0.47809687722827 0.494978071115704 -0.435094226944868 0.848796447585141 1.73018676223168 0.844673698184361
"139" 23.5280619735095 4.17158680595187 3.90523985460569 3.94832767850378 3.39501360613652 3.31669996795483 3.40969205945046 4.70116281654303 4.37979852376725 3.26077887942704
"140" -14.1216628896632 -4.71584093637164 -1.57576190486301 -3.39620308725721 -0.859205320414057 -1.36744238271997 -4.06708321527953 -4.33145508636578 -3.49827530996526 -2.21531806716376
"141" 7.06838167391752 0.84765044599254 0.22248376279403 -0.681842468371122 0.957034816127708 0.975463038901647 -3.40998903197221 0.660619495447036 -1.62322050767675 -0.500922885442351
"142" 13.8510108946399 2.95386139073147 2.44349676662133 2.20533891570304 2.71187077691266 1.65839249206774 4.09395846377008 3.40673938398762 4.65144384859383 2.37521267049734
"143" 5.09152162442851 -1.39888795565078 1.3160565860117 0.169816881728956 0.804104668408301 1.14846910944843 -0.307195494620367 1.78326787879645 -3.39631506873962 0.445373644046001
"144" 5.9108017151109 2.08375056403535 0.703529620438628 0.895723846364738 -0.471961999325469 0.372000084128041 -0.266467782162995 0.782105150862774 1.97526059803684 0.588659108945161
"145" 3.16416589057802 -1.69308549065716 1.85832896801787 -2.05945035935397 0.05234309845287 0.542070201363979 -4.05752260875379 0.150178492725018 -2.50104255097655 -0.356360732807043
"146" -3.15220492809977 -1.33045398169326 -0.612752487653754 -1.9454915580525 -1.28353678149819 -0.0215609319453893 -2.67341223297746 -0.692224532244567 -0.102143605887239 0.298768505901561
"147" 3.10101966492807 0.352800845003495 -0.0372219002740572 -0.179176000692183 1.18342754695197 1.26636189238514 -0.65836425626905 1.82679255672193 -3.74041627984528 1.1240033479234
"148" 8.22380156318231 0.747622316580754 2.05284437449158 1.62663147477513 2.51567699622288 1.20891588305378 1.615956154953 1.88085538265664 -1.10962599223262 1.75395979909449
"149" -12.7250797777641 -1.96192243127209 -2.96816144279091 -3.70332856901956 -2.36056590828594 -1.07209810941867 -3.90524859198612 -3.86123150290218 -3.32229464669113 -2.81106331472365
"150" -20.8077659204935 -4.93008344873182 -3.77583180328689 -4.61597022842461 -0.965859443515294 -0.167839612245484 -5.38778944710583 -3.07627697852496 -4.97236662630456 -2.58851353186682
"151" 8.85759017723073 2.71419663604069 -0.0952920742583743 3.18056522410775 0.819638840485585 0.568844789279125 4.74308019596751 1.94048876079892 4.03125277749845 2.39850956759225
"152" 3.36154342381504 -0.232038196603628 1.67859919630079 -1.54857981290602 2.10093700988251 1.78324804123703 -1.38507290031371 1.00158978271017 -1.1876266394087 1.61657340983586
"153" 12.2789051621418 3.63812266080902 1.51949144681147 1.7446110811513 1.38181973066461 3.03488448542114 1.30926484514658 6.27551672504512 3.07302013963189 2.37034070045215
"154" 0.976753219621569 -1.07693716944949 -0.188198815028061 -0.0721281169660666 -1.09408055513481 -1.0824867429911 2.97905499730091 -0.883337840968939 0.135039297881901 -0.715581197381128
"155" 4.76438332496211 -0.048195578375119 0.807153300224786 -3.19435173434833 0.168366837797339 -0.940720438764101 -4.85544868646338 -0.987954727609835 -2.45444706418027 -1.58892083433678
"156" 22.8179267631655 6.33396061587706 3.1030056030221 7.96634087195936 2.67827930049325 3.89702535028135 11.858771424067 9.82825211974609 8.83942170768008 4.72718376119809
"157" 5.04937931006105 -0.79717976896446 1.73809148206143 1.78683060566369 2.30901652616859 2.86995358085466 -0.376464742359554 3.82129766956096 2.29364205109303 2.95632305988418
"158" -7.11359943230526 -3.05267156143009 -0.698948025570608 -1.18834679501178 -1.94971590559077 -0.631836258193762 -2.09121668964274 -1.56703546850073 -0.458572030449064 -1.68788547471666
"159" 18.3006310018037 4.8409674040597 2.31054766782833 4.20747313917227 1.04002994438216 3.01673752595505 6.83581530802519 4.7559693729871 5.78938376660092 3.73996549161488
"160" 3.36578489613233 1.01673770826274 0.132519363760822 -1.81766095859514 -0.769196551211153 -1.09144795892909 0.145308172997189 -2.11722120864881 -4.63089623025073 -2.59806620011082
"161" 0.195074148036117 -1.35020179020479 1.31463857286406 -0.998345256291227 2.13713865626008 1.02552842457309 -1.56923718015199 1.23407828186456 0.189605527849954 0.127687439413613
"162" 7.91816372748778 -0.254867287315668 2.33210243097367 -0.19442917217544 1.46337217454146 1.97735405585363 -1.42605440089041 1.47734485709448 -2.08297383425245 -0.701021535648302
"163" 2.13829188212078 -2.13304556521211 2.19751545995577 0.0293403751024322 1.24206667330955 2.37044797476162 -1.04425671658383 1.6980608933958 0.0534859599912708 0.89896412023308
"164" -6.62494812785768 -1.23515938278764 -1.56496724031212 -1.26712157028692 -1.33884222097849 -1.37912897840741 -1.48721821756192 -1.80795507791308 0.0545447449841218 -1.58680954943107
"165" -2.76057151899231 -0.967521282519039 -1.01633169300534 2.11436656745096 1.73835628564433 -0.0646641689897852 3.60221070354934 1.84572805570502 -0.622037653376126 0.686094041414757
"166" 2.41343221300039 -2.28848144814876 1.40456470624133 -2.95179556577219 -2.11488881909951 -1.23528037002403 -5.30987796674403 -2.36543458544664 -3.40115705851537 -1.29349195639265
"167" 5.48680619072793 2.84957058771202 0.335048119604585 1.78633626487785 0.358880081517743 1.19549169971521 0.499938931193437 2.05503235649869 1.33701612191679 1.03075593741411
"168" -5.66081138565271 -0.317710632886977 -1.02174361893439 2.23360958681016 1.21238670851334 0.65517030351026 2.57792294034277 1.51302356585899 -1.87480217814928 1.56857637450616
"169" -9.86680026901328 -3.88461612535211 -1.31421034541018 -2.54249057485353 0.247185666971738 -0.831289278210271 -4.01876268978248 -2.49573198356281 0.0229376143247606 -0.237186401997417
"170" -10.103616703696 -4.43425159069887 -0.584614191422155 -4.16353442310544 -2.99556183988861 -1.41365325965289 -4.23703816245511 -4.45642188645381 -1.35440651859654 -3.14760680636291
"171" 9.41162382306509 2.76568518545918 1.55029532276787 1.42443418735171 0.985414620771771 -0.120303200003242 2.01574248393352 1.00878216817122 1.97575968052358 0.356083733563139
"172" -0.50881990006396 -1.82977569277657 0.437848154874492 0.192959635160471 0.45147067198385 -1.48693190425948 0.224006597350936 -2.51308934488322 -0.796275456818475 -0.898238923993534
"173" 26.5219525975536 7.40505907311436 2.03630463127657 7.46380581757373 4.42021291898986 3.02700985837014 10.5458635595801 7.18166532098879 9.42277548197195 4.92576146068426
"174" -4.52581309523463 -3.35794768510399 -0.0556869907230321 -2.75498154073629 -0.653636175528318 0.950068699685555 -3.21425426672737 -0.280074885917537 -3.92167637965924 0.518847723848615
"175" 15.1512310879914 4.31547971868551 1.45942765795911 5.50278827138672 3.37522076405776 2.84393470877417 6.47279099973391 6.53917142654191 4.94185120569019 3.0260933891016
"176" 13.0285618199073 2.15007199842881 1.70968717180082 0.494660034504956 -0.147463826466357 1.32991074610186 1.83236043836586 1.42544753501601 -0.967329670555486 0.298451585838603
"177" 17.1584877729912 4.52199270398028 2.49882134263767 4.08891910178209 2.72601406901063 2.66882826280812 6.34149182794467 5.05757210574816 5.26861316221602 2.7191957691146
"178" 9.83540627374678 2.73596733122573 0.107390173366847 1.06285333747815 -0.689912037719206 0.793656784728044 -0.368230449164489 0.499747086392577 0.218248512000421 -0.850901834045909
"179" -0.156366354744442 -0.34534049728083 0.283510725664826 -0.529643499101369 0.19892303445048 -0.492422440596514 0.134106327341088 0.0449136813451083 -1.18916818996866 0.541645698158992
"180" 5.88461047620582 1.57119361502203 0.706140380491688 -0.116000406727956 1.75616157812577 0.406486459847669 0.608421539445607 0.842735350634211 -3.53408361967958 -0.770102069013637
"181" 20.5192252962508 3.56897787146708 3.83223755847318 3.08533382552988 1.96474115141186 1.82425277577167 4.60072959916085 2.86564404600934 3.12078875692938 2.85554735655776
"182" 8.34255633293809 0.492110387087375 1.34285633848127 0.336998324727873 0.510937901978213 1.39582140316119 -3.44484243225052 1.41994139195194 -0.578230736638679 2.01001365410244
"183" 10.2422046658414 1.92562978747159 0.782737365925678 0.255272627508287 -0.856455333882447 1.79223465071665 1.90083486034379 2.11039455510553 -0.755751220596733 1.75456111018188
"184" 8.01616807850886 0.86586333602878 2.20629804340953 2.50862883505496 2.08072303705838 1.08602491125218 4.11155368152877 2.55747873941175 -0.943977736046771 0.756954862182147
"185" 2.89783542443992 1.52134424072836 0.170235080137419 3.59387573002614 2.28036437391909 1.11447028001074 3.01441254426091 3.15395967977573 -0.903122005389903 0.842478218333123
"186" -12.129590293901 -3.04810384850661 -2.06729824090301 -3.04689147738622 -1.16621078260268 -1.15939377296551 -6.08445859407338 -2.4831530659902 -7.84477889520162 -1.48753782838924
"187" 1.37843905374363 1.302858185634 0.525527627607608 0.915249369727953 1.76947460130156 0.670908803837929 4.69922379755633 2.04393714970445 0.75903961389064 0.983799547105432
"188" -6.17591112548127 -1.73689582876297 -0.0475486521359941 1.15292860919568 1.74798149365995 0.193241665306214 0.956841417158407 0.952831322399567 -0.215238964931434 0.0739940606781583
"189" -0.376375903039424 -0.203678006223663 -0.583087441782124 -1.43708444247385 -2.4057061201525 -1.3281166774942 -2.28090896354223 -2.68183295495431 0.252538174057481 -1.60053335803882
"190" -20.9459763524992 -5.81339758765319 -3.94240610998605 -8.96777219208712 -4.07556055479172 -3.97473921807668 -9.40906921755281 -7.87807991797259 -6.78992482042106 -4.81023185644567
"191" -6.4300265147449 -2.48109900477154 -1.60010146799528 -2.90048006106439 -1.19585762312876 -1.34468882551333 -3.77484225507214 -2.93642121307107 -2.09289825905737 -1.96221955221212
"192" 0.226843111899663 0.640226710358801 0.49548364434252 0.88597436490026 1.23488325654846 1.43426025880575 1.56101669125304 2.58269536418838 -3.31167141175142 1.67837748713056
"193" -6.39733229164075 -1.64943531258756 -2.40599670150347 -3.15324685564444 -1.23379933517444 -2.50782302749973 -3.25450746835088 -3.62375281526548 -0.119011632754373 -2.57108760405489
"194" 12.7845945614193 4.59679365038968 1.91451981968985 4.4913233722664 3.15438814750606 0.753436195679962 7.11794741467601 3.4363779209175 7.82702441101097 1.61600726886465
"195" -0.529882685654638 0.837748538940022 -0.333310996327704 0.132552940517375 -0.126065022601386 -0.351770728501816 -0.623434806902739 -0.387916178430704 0.717231157052804 -0.339559566109164
"196" 1.54112934422388 0.296445021773694 0.894518486161066 0.484836089131928 0.953741651512416 1.56175320286662 -2.19529685777338 1.62402689806704 1.36044371062592 0.655438030538876
"197" 4.48399725938046 0.476388235234728 1.23451900689988 2.74151871204552 2.31333333226993 1.88359760796863 3.60206669366339 2.67463754581977 3.29547876594746 2.85882594489388
"198" 15.4899403556611 5.42907107069001 1.11898222542146 4.41240512626465 2.26276518232092 1.37321675251312 6.30286881768746 4.644412567318 6.29823947123188 2.37145431180705
"199" -9.3406743767718 -2.99888280298818 -0.705457638785423 -0.103566128409731 -0.53957833762199 -1.0558128978137 -0.146911386032338 -0.079841744277026 2.55736828428704 -0.655342569308497
"200" -1.85657679294034 -2.49906666995692 0.239363558174559 0.0902822064838256 -1.32251541712762 -2.77415921924248 -1.44322063064361 -2.12958626908755 1.95707826056049 -2.05499230935776
"201" 15.5180516659494 3.34307445927518 2.10054993310485 4.22695431607703 5.04329070724476 2.4045445634149 5.27042218595095 5.11150758484916 7.35386824594117 1.34331844886947
"202" -9.48040156498841 -3.0972644829972 -1.58709951069438 -5.87360551954174 -3.00026208122437 -2.30552621558679 -6.20361856263968 -5.70843698133127 -7.91917614359038 -5.09835396465227
"203" -17.0660826686822 -4.51928647559937 -2.60497235751076 -6.1494631031846 -2.84670872862327 -2.34867220184176 -7.42580166813749 -5.20104904387592 -8.34035742512763 -3.24580632180527
"204" 0.407856255960078 1.24087961118034 -0.531912806830199 -0.24356793625501 0.930066611905177 0.149218677664494 -1.64059860009224 0.400064511846746 1.59898424289962 0.77749243389222
"205" -1.20412169916288 -1.53563881493629 0.387249497262071 -2.4575663639828 -1.30451779015217 -1.17849560940455 -3.56099628566324 -3.12234129915106 -2.94721174714122 -0.312658159209512
"206" -1.93642682685044 -0.814380342396941 0.129106368927894 -1.13938456481275 -0.571726564174761 -1.47255625220926 0.830287249805617 -2.42437453964158 -2.85805660174205 0.387788888992822
"207" -17.6292168601798 -6.29786555775646 -2.67451960247548 -6.25124224583382 -2.27041645586748 -2.54317856001008 -8.7130274759654 -4.98964324713173 -5.77456534197071 -2.97419085120178
"208" 4.75396979739274 0.0978257689286281 0.523181062726009 0.509611209092635 -0.990019968438452 1.70868176649196 0.990879936494847 1.42480570829644 -3.562799591764 0.537662279864238
"209" 1.28796930114589 0.800420133272192 -0.509069639607091 1.83451125916855 0.7070534487324 0.793492584312629 1.96000924928801 1.01938098483042 2.34172749301448 0.344333062916774
"210" 17.8450432398202 4.02384628394891 2.41806622646477 3.10978929677608 2.82625397726817 1.58200363304232 6.30218351700168 3.86273306678089 6.2183366384517 2.42304358977964
"211" -5.41559220262421 1.69120036918221 -1.45923646235131 -0.439225970099354 -0.678769095479889 -1.602305356126 2.07274336461038 -1.9857068778521 0.287387471262645 -1.25157139867221
"212" 2.02106673120467 1.16834128292325 -0.116980762000213 1.19988647516298 1.05077969480925 1.83815003036452 -0.0822821373667191 1.71644590054993 3.27905848627837 0.786893986546427
"213" 16.4494149225366 4.58411637887954 1.64106813365853 5.78722505353743 1.46010827977588 0.699544661420462 8.03692876507181 3.16971350601658 4.20917794726857 1.76265022885372
"214" 3.06864589840764 -0.187174679947818 0.963886698630125 2.37903115032412 0.935239928909227 0.346822536185071 2.66624384466435 1.86676943289888 3.70134421959997 2.05405518470734
"215" -2.58240559964893 -0.361723698717007 -0.365889581628721 -1.5408699025476 -0.0547520552922772 -0.320388561206461 -3.92584685561177 -1.33660732922075 -2.17477829944858 -0.922369195285864
"216" -2.57695931658733 -1.83095791226757 0.288284993168498 -1.92702347126298 -0.860716317236733 -1.07944118345443 -2.41974718413848 -1.17526398154296 0.269802120421292 -0.773415875888161
"217" -14.8796268730249 -3.84744286971353 -1.77997633539919 -3.17827819354846 -2.15649977265474 -1.18772027472663 -2.63782905203402 -3.3857613930418 -4.94507918251487 -0.984616629103284
"218" -6.82826912515289 -2.29612404962597 -1.49020383542774 -2.34762454488989 -2.23408867681139 -1.5642936308189 -4.99317621566156 -3.40506761964444 -3.11567797687247 -1.68164452234798
"219" -6.07959469136235 0.349799553706859 -3.19867195322412 -0.719387527924861 -1.29309121473474 -1.10547044882327 -2.02091581971817 -2.41993360013803 -0.978998253195372 -1.77482297014331
"220" 9.259979967659 2.03226584181921 2.67494715499505 4.51615880412136 6.73962756473812 3.8840027166093 6.24474043200903 6.33567245813449 7.30596336091308 3.93664300466389
"221" -20.8106847340032 -6.08647870922314 -3.04189678700913 -6.15447301406591 -3.47686439490183 -2.18385861927616 -6.25108529385884 -6.3996713159471 -6.75187642775679 -2.67501139908161
"222" 0.561798617393946 0.728360405458719 0.413531348521576 2.07966408819666 1.51928643924762 1.61007523479718 2.13341173509412 3.64975146103959 5.21744114829199 2.03450345498139
"223" 4.6774682104798 0.179221086328722 1.22456261118886 -1.06065886792946 0.417955609507085 0.254041879275343 -0.770498964175853 0.218715410549406 -0.692300942682228 0.570189439180411
"224" -3.13776612554169 -0.0979420005958015 -0.935081108823062 -1.68253094998594 0.190909382066198 -0.407905582761277 -1.73832305277185 -2.56804760875752 -1.19299879975542 -0.481812427225236
"225" 6.69368818265593 0.161621795677187 2.15197854945403 1.5057523180383 0.168158300262948 0.891291631676967 3.73909179200778 2.14703704796153 2.57298639469366 0.999450240791079
"226" -17.6448590190995 -5.39124932336171 -2.28044123445579 -4.44288673510176 -1.2740036016378 -1.60734286445488 -4.14435731609972 -3.14683677335798 -4.016712433009 -1.59648658324062
"227" -2.57618832311186 -0.112708593835492 -0.843654198842575 0.451575143752196 0.604586060388027 -0.376977934117309 0.682865421546912 0.188620178203855 -0.275652761754147 0.00517635286018641
"228" 14.2534771713615 3.58213445514843 1.66600475623837 4.36410632101927 3.03755099628813 0.584829884486921 7.37481011275094 3.24099839684299 3.7184729564162 1.58103040308697
"229" -20.9392952292078 -5.0856208678443 -4.33118671152567 -7.64435485991309 -1.86564894969446 -3.35358573422992 -9.55221571868426 -8.52183010863656 -8.35935138854208 -4.86906948777718
"230" -9.45561895838458 -1.03580604877936 -2.24320367479642 -3.66943703561441 -1.02279797513214 -2.08163435896092 -6.75415697650279 -2.46462646012877 -2.68023834945841 -2.13768346458725
"231" 19.5538456926355 4.2687956227655 3.44146589257069 6.35348251840789 3.18470761268905 4.01445140090607 6.64424846538051 6.9066510437221 5.32558466849904 4.514923207975
"232" 6.89773883497587 2.46711093681493 0.115501875530826 3.334666732117 4.63298109098302 0.648495571751336 5.81534206064915 4.1164352598209 1.93806329047009 1.49969747370556
"233" -10.7752789137351 -3.49810072634134 -0.394690567504604 -2.20857967896221 -1.58769247882569 -3.18333353564203 -3.29091101088506 -4.18102253791867 1.06092048998991 -2.22342267359601
"234" -18.2373883586812 -4.80222863856731 -2.90130378493479 -4.20198546661424 -1.69477399007972 -3.10840515648049 -6.17028226071695 -6.0129076361777 -4.29805204156727 -2.91777164045084
"235" 10.8112252157885 2.38332529807154 1.20332662775536 1.44887312606628 0.401917145941174 0.36629740679794 2.29213467355464 1.51147958652619 3.80364438809454 1.19434785006088
"236" -6.23209853884034 1.07739347672373 -2.8576319948537 -0.860907562286117 -1.52726603660389 -1.77083184919843 -1.53359141879656 -2.57859029556621 1.35446382837225 -2.11761970746153
"237" -9.57939780431397 -4.08823815831097 0.0960141009326072 -2.01269350475845 -1.22723362817303 0.842337405987416 -3.12677733482753 0.970516873553305 -1.69652847546706 -0.491039923939601
"238" 5.87677788345258 1.6877542356628 -0.501366412189315 2.10380771258276 -0.164088813577571 0.00839827575374658 2.60554832527434 1.12376741581445 -1.72809825839347 1.14000061617069
"239" 5.10638541938464 2.01072529902992 0.285996516964861 1.75207902001188 1.41559840039674 -0.0812277234619156 4.17887280094026 2.23306016930204 1.63928903190308 1.69453000515397
"240" 11.8577015821897 3.89449672020655 0.810053136949374 4.55430475354277 2.54007944244292 1.06843577370603 4.69416283428938 3.47829352909363 4.46562954759951 2.44601473430133
"241" 8.4428040445391 1.62340412237705 1.66901386825076 1.27975746168551 3.24659047214508 0.930913806085833 2.15403501263873 2.15522116780482 0.770264355559899 1.49090075543187
"242" -11.6936627407029 -3.14139399971193 -1.60487057976231 -3.35651366088944 -2.54550538470178 -2.88877980826495 -4.97074715264298 -4.77222699303209 -4.79739067788653 -2.11132576951872
"243" 6.55093503429791 0.662692678652791 0.937374947698969 -0.508298435470928 0.571887742764087 0.108512543527562 0.763125888863991 1.07414775835384 -3.05223659668194 0.539077260658016
"244" -6.16316573116294 -1.38971906958305 -1.37710449008209 -1.04054123655137 -1.62894529966915 -1.74708143125642 -0.307868816407552 -2.36596666793703 0.792652861823359 -1.16090742464613
"245" 6.59824921628907 0.376162023824059 0.911651962571969 1.11091755250068 -0.320051770622463 2.1903463817307 -1.49863258966005 2.73211527909291 -1.38389552413218 1.08224553433263
"246" -30.1249598733408 -8.87816163953143 -3.54512152053934 -9.44074445138001 -5.6408011979298 -4.26918149940509 -10.7592415628538 -8.40900796068667 -9.95238345620323 -5.51086197051155
"247" 5.61361948895984 2.64030835444534 -0.33766196770937 2.83831722135113 0.289795771891731 1.1124732041743 4.10477920730104 1.86383860684823 3.46363914580492 0.282322083433689
"248" -14.448667618616 -5.56016221470153 -1.80473989246275 -5.35158583240324 -1.31815125653333 -1.47475746898922 -8.66946903966145 -4.4445277271157 -5.81353320343381 -2.11140266080313
"249" 1.68662159333884 0.978326834442059 0.282921260191963 0.251900070946748 1.32220217466498 -0.522991257933846 2.17646945460824 1.25406322250238 1.8450273605129 -0.403985578733259
"250" -6.8765856755928 -2.92492592575516 -0.84346617238964 -4.41203593493117 -2.16715557153386 -2.63618612638784 -5.05600965373598 -6.94046199855899 -4.87722572114037 -1.76990659190355
"251" -2.74043971938936 -2.32102633587513 -0.365642059081701 -0.943645046834479 0.0803035632705147 1.0767093189261 0.74205044039996 -0.254967952635229 -2.3432362039502 0.892374229926613
"252" 0.640299300511371 -1.80592956144164 -1.17337466618996 -2.73857179322016 -0.499808696530691 -1.05955598283064 -2.37975916013596 -2.88805748134636 -2.09414273648013 -1.72746336567869
"253" 7.04239559660858 2.85019531689394 0.916728083126079 1.40135926143406 1.72316847206337 0.248608044058241 1.96702430663575 0.535972294571371 0.474733027574677 0.213762580432658
"254" -2.90918275466707 1.48907280941977 -1.76193163547431 1.16698904365486 0.89002272714978 0.0881429695414095 2.46723509048218 2.06831656951016 2.3214577186867 -0.00917412403618356
"255" 10.7448222967151 2.85513723905759 1.12784569951853 1.01203237469263 1.2532421217724 1.02468332631348 -0.024591955494686 1.96669956776261 1.01911386144619 0.0871758025830338
"256" -32.1498308729186 -7.426772789555 -5.40602926478654 -10.3962669112782 -5.96159913616964 -5.54023274450864 -10.8061657967086 -11.8722198760943 -13.1081166172631 -8.12525130521696
"257" 4.82803924845337 1.57991928977291 1.17544540543577 1.42094506907629 0.67124823261706 1.52236295861238 2.50287274443666 3.47675027391145 4.40541588927518 1.2389064379424
"258" -13.3571250346678 -4.07772182757291 -2.31497723098343 -6.62492285185021 -3.26144122437988 -2.13553070241414 -7.55291276963174 -6.46426448792697 -5.48602962619897 -3.46833124302802
"259" -1.54970505850609 -2.23423800399143 0.213193698557243 -1.97415728644344 -0.992130725652437 -1.54450970856321 -2.20027511970572 -2.65052961376992 -4.1388616870322 -1.37968472756642
"260" -8.05836163049946 -0.844034544361886 -1.75969098904327 -0.290281701262086 1.56904844474839 1.12570518886481 -1.14531127028017 1.39251101231563 3.88164620105575 0.582042367097402
"261" -7.79460720097216 -3.0206321186772 -2.0590270085305 -3.42672881116778 -1.4105770704287 -1.17310447142749 -4.71641910337638 -3.35461458877355 -3.23273062086948 -1.55546496085886
"262" 2.15324445551877 0.452760350869094 0.278582388447627 3.17594179319339 0.690066874116584 2.38365508116092 4.33258670953241 4.98957530358893 2.73127042989768 3.42623833502885
"263" 22.2399121155083 4.98619841041213 2.91790010280028 6.91872309838003 2.76290183316699 4.05779764646315 8.53037628591075 7.50730459845336 6.605135508806 5.18620605081529
"264" -19.0469469287717 -3.20064659394719 -4.84081627414391 -6.67931894797901 -4.67232963618671 -4.14394342008802 -10.4136572518795 -8.87596451515589 -6.48434822250207 -3.9687670332215
"265" 3.04436360758469 0.248616994979913 1.15878605240499 -0.247424094601492 0.00753884770049434 -0.298017604056615 -1.92048632792973 -0.110805242061489 1.97570870798089 0.208184252267146
"266" -28.9773255375731 -7.77003568108707 -5.11942810001383 -9.44750500810101 -3.76719335208743 -4.06786703965489 -11.0403109206015 -7.33253020051281 -10.3550790153909 -5.66723856631927
"267" 6.0399577768674 1.50455086899267 0.520268471878418 3.7600094458906 1.69940175242093 2.01305908040739 5.17369553639289 3.17954523125162 2.54447516452777 1.71512589780801
"268" -2.09565552125927 -2.72420333728293 0.355412168286964 -1.13845662614011 -0.198055891606413 -0.312761734232895 -0.597105830647891 -0.495938443332027 1.11208362458361 -1.69071958782154
"269" -11.5192707633964 -3.881852554442 -2.1939872990661 -5.26745823851755 -4.17980954803071 -2.45704944306632 -8.09346736451809 -5.06956469618345 -9.01949199706107 -3.38455569127596
"270" 11.857012468401 1.78721484293027 1.76867025877242 2.95210109196413 2.57347484408256 1.94766390958696 6.07903050528471 5.57424805033738 4.51101872617939 1.82747289426058
"271" 16.8225513548501 4.59292140149714 2.13707529243526 4.4515473165666 2.82574605352669 2.67915258022671 5.54314766893643 4.41331989785361 5.74957717363688 2.27629838346581
"272" 11.0247224637645 3.8807941578274 1.74774467049001 2.74407536910001 1.5969167566313 1.3815940573515 4.7826131526343 2.31343547340044 1.96531700180735 2.52374209973311
"273" -6.43323040477864 -1.06834996937229 -1.47001974963152 -3.14257370482052 -1.92312011945958 -2.41150591523737 -3.45091286523074 -2.96162440352567 1.37443726586706 -2.87936110404863
"274" -0.70199601033171 -2.05650311538911 -0.104559346644271 -0.178496952495517 -0.625914617563805 0.178109104901877 -0.771990457529393 -1.09696952803576 -1.19608668094094 -0.752338658361231
"275" 2.7220222383491 -0.708985044713927 0.349840281614855 -0.546488879362192 0.228375254805114 -0.571596474882826 -0.213847868959261 -1.29709204329593 0.182156899404658 -0.724874197411447
"276" -5.47419685474678 -2.31402414723404 -0.771337164347958 -1.33740038862441 -1.44751630113658 -1.50953657255802 0.350386334205534 -1.6965604817526 -2.23634558227952 -0.944377983939176
"277" 6.71400868844425 2.64527236372185 1.84276664012315 4.71455513329793 3.64273309731548 3.51262488272657 6.55366534222848 5.56004710919684 2.3733301170846 3.04781068717437
"278" 0.529076218008371 1.99738842606466 -0.309421055246293 0.065095360375321 0.0600287939470302 -0.605047472462431 3.49388318523752 0.380897424812485 0.19695063799276 0.742609799570215
"279" -1.22629560456507 1.31658570766693 -1.18010859819748 0.903140307679755 -0.887776445307494 -1.00168144872776 2.86065291736501 0.307248001043806 4.48115527870991 1.3784321534048
"280" 16.6290292811913 3.67193312331989 2.5145655485748 6.16785485215994 3.04767423779302 3.60176507931636 6.36384470432678 6.97232240143344 5.85088276572646 4.35678102898005
"281" -3.96212060544086 0.297040743386494 -1.45686514146543 -0.749801978926108 -0.529701725414526 -2.119017366544 0.398410019118392 -1.56358796536946 2.05672776000228 -0.244997394723503
"282" 13.4812856649044 3.11237355448661 1.41902914633315 -0.0121531824417613 1.34494945642729 -0.136846833227049 -1.70225651122447 -0.128757729495895 -0.833763109338512 1.11994428673253
"283" -1.93705120278502 0.257967514012108 -1.01354173311481 -1.38724582371411 0.210015825601478 -0.0708025695219165 -0.14785871185146 -0.841470662230475 -2.09045106694774 -0.743408047174952
"284" 16.1945501159864 5.85868122493634 3.25459412143991 6.00979656829159 2.44837965972504 1.43204163825114 5.46554177981217 4.71896837229873 3.17411909146378 2.58871167568761
"285" 0.0160167526268684 0.823922049447281 -0.331656177355942 0.886176410517539 1.98733542533083 -0.450305127217026 3.5946830099769 2.25346479054466 1.15007279540406 0.164293094123783
"286" 15.5092123519193 2.91132885902333 1.75180498144452 3.39757827460903 2.70747142207768 1.83557983819544 5.77484010903514 5.82391428376961 0.672421075026913 2.22963552253025
"287" -9.15819792194865 -1.75166279456206 -1.9308940838212 -0.350741478887989 -1.49041476794443 -0.90450705598744 -0.963022302226674 -1.41945930503594 0.594895698898767 -0.438074569349155
"288" -17.0317385566478 -3.35008754132068 -3.92567894425107 -4.57879509598568 -5.87276900232766 -3.35573721236768 -5.59162541873961 -6.31037807479606 -3.7155594390135 -3.02990197237324
"289" 3.8948460081547 0.816184971041306 -0.708219727725785 0.259923170549098 -3.17627392796381 -1.31049288302324 1.71624444055796 -0.184320290791104 1.06861662478939 -0.0519019465299814
"290" 1.238838419715 1.1840223752265 0.405071500281313 1.16506848856434 -0.944249795794598 0.494808149493761 1.3270933307616 1.07483439613932 0.338901775285985 0.754095019358867
"291" 15.5706726835026 2.55444053481011 3.22594888175702 2.33565654120852 2.18570386062874 1.66579300272775 3.35194610339961 3.29613324370703 1.67697451017189 1.07605625723382
"292" -5.01729237412013 -0.889802445684411 -1.04099895045082 -0.266559882079 1.0409161834457 0.519272063786436 -1.07608085395445 0.282339919847996 -0.580433147543562 -0.102222935701213
"293" 11.8201299464549 3.59203993528314 2.34219673791588 6.28152356153811 3.6337697285679 2.62337557825908 4.23330044267783 6.2108947000403 8.13300305657754 3.39585815424693
"294" 8.86322988002034 2.34689907038861 0.0842208736423632 0.307419323941239 -0.217956511582428 -0.296071300965505 1.06869201791365 -1.57106803871385 1.60420109381816 0.161429516544818
"295" 4.27670861888163 1.11069466189636 0.613269493949035 0.513696742360079 0.662584623921669 1.62559648228547 1.01192654008053 1.56655471448402 -0.232410115720148 2.35508678241819
"296" 16.0056438485234 4.4177468954704 1.93377653598933 4.05077759786886 3.53514662263759 1.47446157932692 6.74593397624138 3.60586807142508 4.77136159823075 1.27071873888608
"297" 8.5879843848615 2.41312130969853 1.38951229154751 3.17502737455656 1.04290076045329 1.60269907764958 3.62338184815859 4.17968358108695 2.31120428282974 1.70449939248689
"298" -0.501880391080225 -1.38766763729443 -0.454848775939954 -1.26472659288622 0.475599470135605 -1.18994978823055 -0.370987212388773 -1.71918371947967 -2.13546826896298 -2.20042943997903
"299" -2.3924754212845 0.50934181686147 -1.84290987991945 0.177465302726095 -1.42828255471735 -0.53379663839593 -5.1637252639439 -1.6274014057032 -2.10286862765498 -0.490084879177291
"300" 2.56764257492796 -0.107562051697118 0.995384421147463 2.22112192078938 0.371058646923329 0.401185187055222 2.6875895842271 0.968074617491361 2.11190120910681 0.42578874314927
